exp:
  trials_per_condition: 10
  trigger_mode: dummy
jdm:
  mu: -8.253517141218856e-06
  mu_jump: 0.06
  periods: 390
  sigma: 0.0005219204711225392
  sigma_jump: 0.015
  ticker: ^GSPC
